ID,Time,Count
0,0,1001.0
0,1,1002.7182006835938
0,2,1010.3884887695312
0,3,1031.2330322265625
0,4,1087.84716796875
0,5,1240.3741455078125
0,6,1653.2708740234375
0,7,2753.72412109375
0,8,5608.81005859375
0,9,12435.880859375
0,10,25734.5234375
0,11,42003.43359375
0,12,50092.65234375
0,13,51001.66796875
0,14,1001.0
0,15,1002.7182006835938
0,16,1008.3884887695312
0,17,1024.7984619140625
0,18,1070.3758544921875
0,19,1194.032470703125
0,20,1526.3919677734375
0,21,2418.896484375
0,22,4755.046875
0,23,10470.77734375
0,24,22308.8828125
0,25,38831.09765625
0,26,49260.484375
0,27,50975.03125
0,28,51006.9921875
0,29,1002.0
0,30,1005.4363403320312
0,31,1014.7759399414062
0,32,1042.1531982421875
0,33,1116.48779296875
0,34,1319.909912109375
0,35,1869.05908203125
0,36,3322.641845703125
0,37,7029.0185546875
0,38,15530.92578125
0,39,30544.5
0,40,45483.57421875
0,41,50678.35546875
0,42,51009.9609375
0,43,1001.0
0,44,1002.7182006835938
0,45,1007.3884887695312
0,46,1020.0810546875
0,47,1054.5640869140625
0,48,1150.1588134765625
0,49,1409.9500732421875
0,50,2107.260498046875
0,51,3943.925048828125
0,52,8544.849609375
0,53,18639.45703125
0,54,34700.98828125
0,55,47696.9453125
0,56,50894.97265625
0,57,51005.890625
0,58,1001.0
0,59,1003.7182006835938
0,60,1011.1064453125
0,61,1031.1837158203125
0,62,1085.7132568359375
0,63,1234.5938720703125
0,64,1636.707275390625
0,65,2711.849609375
0,66,4105.7607421875
0,67,8718.76171875
0,68,17781.18359375
0,69,29061.015625
0,70,34843.37109375
0,71,35524.46484375
0,72,35532.72265625
1,0,0.0
1,1,0.0
1,2,0.0
1,3,0.0
1,4,0.0
1,5,0.0
1,6,0.0
1,7,0.0
1,8,0.0
1,9,0.0
1,10,0.0
1,11,0.0
1,12,0.0
1,13,0.0
1,14,0.0
1,15,0.0
1,16,0.0
1,17,0.0
1,18,0.0
1,19,0.0
1,20,0.0
1,21,0.0
1,22,0.0
1,23,0.0
1,24,0.0
1,25,0.0
1,26,0.0
1,27,0.0
1,28,0.0
1,29,0.0
1,30,0.0
1,31,0.0
1,32,0.0
1,33,0.0
1,34,0.0
1,35,0.0
1,36,0.0
1,37,0.0
1,38,0.0
1,39,0.0
1,40,0.0
1,41,0.0
1,42,0.0
1,43,0.0
1,44,0.0
1,45,0.0
1,46,0.0
1,47,0.0
1,48,0.0
1,49,0.0
1,50,0.0
1,51,0.0
1,52,0.0
1,53,0.0
1,54,0.0
1,55,0.0
1,56,0.0
1,57,0.0
1,58,0.0
1,59,0.0
1,60,0.0
1,61,0.0
1,62,0.0
1,63,0.0
1,64,0.0
1,65,0.0
1,66,1393.9111328125
1,67,3462.947509765625
1,68,7526.919921875
1,69,12582.712890625
1,70,15171.96484375
1,71,15473.7119140625
1,72,15474.2763671875
